start=189.366667
speed=1.464100
sid=no
