start=513.766667
speed=1.464100
sid=no
