start=174.100000
speed=1.610510
