start=1333.792000
volume=81.981796
fullscreen=yes
aid=1
sid=1
