start=674.967000
volume=81.981796
aid=1
sid=1
