start=399.766667
speed=1.948717
sid=no
