start=637.500000
speed=1.331000
sid=no
