start=98.166667
speed=2.143589
sid=no
