start=639.133333
speed=1.464100
sid=no
