start=718.566667
speed=1.210000
sid=no
