start=168.300000
speed=1.464100
sid=no
