start=126.333333
speed=1.331000
sid=no
